0 0.683333 0.552778 0.032292 0.118519
1 0.089323 0.894907 0.042188 0.162037
0 0.949740 0.526389 0.029687 0.130556
0 0.914844 0.440741 0.038021 0.116667
0 0.881250 0.394444 0.027083 0.107407
0 0.814323 0.394444 0.024479 0.092593
0 0.723958 0.408333 0.026042 0.101852
0 0.721094 0.328704 0.031771 0.068519
0 0.353385 0.331944 0.026562 0.084259
1 0.323698 0.550926 0.032813 0.127778
1 0.829427 0.541204 0.042188 0.089815
1 0.852865 0.597222 0.020313 0.118519
1 0.839063 0.376852 0.025000 0.096296
1 0.582292 0.311111 0.030208 0.064815
1 0.584375 0.369444 0.019792 0.101852
1 0.284115 0.237963 0.019271 0.090741
2 0.357031 0.464815 0.026562 0.116667
