2 0.365625 0.496759 0.027083 0.117593
0 0.554688 0.563889 0.031250 0.122222
0 0.615104 0.425926 0.023958 0.101852
0 0.260156 0.356019 0.027604 0.099074
0 0.665104 0.327778 0.031250 0.072222
0 0.982292 0.636574 0.027083 0.123148
0 0.890625 0.517130 0.019792 0.126852
0 0.784896 0.432870 0.016667 0.113889
0 0.740625 0.404630 0.023958 0.096296
0 0.764844 0.393519 0.018229 0.100000
1 0.299740 0.211574 0.024479 0.075000
1 0.018229 0.870370 0.035417 0.166667
1 0.217708 0.566204 0.030208 0.128704
1 0.429688 0.349074 0.029167 0.103704
1 0.775260 0.517593 0.036979 0.083333
1 0.713281 0.591204 0.040104 0.128704
1 0.703646 0.356481 0.023958 0.092593
1 0.598177 0.378704 0.022396 0.109259
