1 0.036198 0.746759 0.048438 0.158333
1 0.048698 0.619907 0.052604 0.141667
1 0.214323 0.442593 0.036979 0.111111
1 0.453646 0.307407 0.027083 0.098148
1 0.491406 0.395370 0.029687 0.100000
1 0.475781 0.562963 0.045312 0.133333
1 0.649740 0.900463 0.043229 0.171296
1 0.867448 0.329167 0.026562 0.093519
0 0.657813 0.234722 0.033333 0.095370
0 0.550781 0.406019 0.025521 0.102778
0 0.976042 0.753241 0.042708 0.152778
0 0.324219 0.867593 0.058854 0.157407
2 0.589583 0.514815 0.029167 0.124074
2 0.533333 0.154630 0.017708 0.075926
