1 0.097656 0.297222 0.028646 0.103704
1 0.121875 0.496296 0.031250 0.142593
1 0.278385 0.757870 0.036979 0.162037
1 0.657813 0.550000 0.035417 0.131481
1 0.453906 0.347222 0.045312 0.088889
1 0.420833 0.278704 0.023958 0.094444
1 0.984375 0.434259 0.031250 0.131481
3 0.631771 0.300463 0.010417 0.026852
2 0.368750 0.469907 0.026042 0.128704
2 0.058073 0.224074 0.034896 0.114815
0 0.328646 0.262963 0.031250 0.107407
0 0.343229 0.888426 0.048958 0.169444
0 0.520052 0.264815 0.026562 0.105556
0 0.576302 0.561574 0.034896 0.136111
0 0.742708 0.340741 0.026042 0.105556
