2 0.712760 0.527315 0.029687 0.110185
2 0.579427 0.186111 0.027604 0.075926
0 0.650000 0.245833 0.025000 0.089815
0 0.608594 0.429167 0.033854 0.108333
0 0.208594 0.882870 0.050521 0.165741
3 0.590885 0.262037 0.013021 0.020370
1 0.019792 0.748611 0.035417 0.147222
1 0.063802 0.621296 0.036979 0.135185
1 0.252083 0.471296 0.045833 0.122222
1 0.478385 0.590278 0.034896 0.134259
1 0.716667 0.946759 0.045833 0.106481
1 0.933854 0.353704 0.036458 0.111111
1 0.534375 0.288426 0.033333 0.087963
1 0.520573 0.413889 0.045312 0.107407
