2 0.802604 0.519907 0.034375 0.125000
2 0.585938 0.218981 0.027083 0.087963
3 0.649219 0.286574 0.009896 0.021296
0 0.668750 0.252315 0.014583 0.069444
0 0.621094 0.437037 0.023438 0.112963
0 0.078385 0.822222 0.050521 0.155556
0 0.016927 0.938889 0.029687 0.122222
1 0.057813 0.607870 0.035417 0.130556
1 0.238281 0.483796 0.047396 0.123148
1 0.712500 0.955556 0.037500 0.088889
1 0.444010 0.568056 0.043229 0.123148
1 0.500000 0.424074 0.028125 0.103704
1 0.940885 0.358333 0.022396 0.081481
1 0.592187 0.281944 0.026042 0.073148
