1 0.031771 0.593056 0.031250 0.143519
1 0.206510 0.483333 0.044271 0.131481
1 0.678385 0.946759 0.033854 0.106481
1 0.410938 0.552778 0.032292 0.124074
1 0.495573 0.413426 0.045312 0.086111
1 0.919271 0.350000 0.035417 0.096296
1 0.600260 0.277315 0.026562 0.073148
0 0.020833 0.783796 0.040625 0.130556
0 0.042708 0.919444 0.034375 0.161111
0 0.672135 0.258333 0.022396 0.072222
0 0.626302 0.411111 0.020313 0.100000
3 0.659115 0.285185 0.013021 0.020370
2 0.811979 0.505093 0.027083 0.128704
2 0.578125 0.210185 0.023958 0.081481
