2 0.830469 0.473611 0.033854 0.117593
2 0.596615 0.198611 0.024479 0.086111
3 0.637760 0.299537 0.010937 0.017593
0 0.070573 0.824537 0.044271 0.165741
0 0.989844 0.781481 0.020313 0.166667
0 0.630729 0.374537 0.043750 0.091667
0 0.668490 0.278241 0.036979 0.093519
1 0.013542 0.569907 0.026042 0.149074
1 0.174740 0.460185 0.033854 0.125926
1 0.360156 0.501852 0.032813 0.124074
1 0.540885 0.379630 0.053646 0.092593
1 0.602344 0.278704 0.035937 0.087037
1 0.872656 0.340741 0.041146 0.101852
1 0.617188 0.918519 0.058333 0.162963
