1 0.610677 0.908796 0.052604 0.180556
1 0.023438 0.555093 0.030208 0.143519
1 0.185156 0.459722 0.036979 0.123148
1 0.361979 0.496759 0.035417 0.136111
1 0.538542 0.373148 0.050000 0.090741
1 0.607812 0.280093 0.041667 0.089815
1 0.864323 0.335185 0.027604 0.094444
0 0.082031 0.810648 0.039062 0.154630
0 0.989323 0.773611 0.021354 0.147222
0 0.618490 0.379167 0.032813 0.084259
0 0.666146 0.278704 0.045833 0.090741
3 0.594010 0.293056 0.011979 0.023148
2 0.836198 0.468981 0.032813 0.123148
2 0.608594 0.193981 0.030729 0.082407
