2 0.854948 0.462037 0.031771 0.125926
2 0.630729 0.200463 0.026042 0.097222
0 0.103906 0.782870 0.036979 0.156481
0 0.718229 0.963889 0.029167 0.072222
0 0.630208 0.374074 0.028125 0.100000
0 0.663802 0.277315 0.036979 0.087963
1 0.870833 0.329630 0.032292 0.109259
1 0.614323 0.283796 0.038021 0.084259
1 0.550000 0.370370 0.042708 0.096296
1 0.609896 0.895833 0.045833 0.167593
1 0.365625 0.484259 0.039583 0.131481
1 0.040885 0.555556 0.039062 0.131481
1 0.201042 0.447222 0.030208 0.127778
3 0.551562 0.297685 0.011458 0.023148
