1 0.987500 0.348611 0.025000 0.108333
1 0.703385 0.893519 0.050521 0.177778
1 0.696354 0.292130 0.034375 0.075000
1 0.626302 0.371296 0.026562 0.105556
1 0.454688 0.462037 0.038542 0.129630
1 0.304688 0.443056 0.032292 0.117593
1 0.150000 0.547685 0.042708 0.141667
1 0.027344 0.608333 0.027604 0.142593
0 0.096875 0.593981 0.033333 0.134259
0 0.228906 0.755093 0.033854 0.160185
0 0.754948 0.387500 0.032813 0.112037
0 0.728385 0.269907 0.031771 0.089815
3 0.584115 0.299074 0.009896 0.018519
2 0.986719 0.468056 0.026562 0.123148
2 0.760417 0.188426 0.032292 0.075000
