0 0.523438 0.579167 0.023958 0.123148
0 0.247656 0.368056 0.031771 0.100926
0 0.590365 0.434259 0.031771 0.112963
0 0.973437 0.659722 0.031250 0.134259
0 0.889844 0.516667 0.024479 0.133333
0 0.753646 0.427315 0.021875 0.104630
0 0.739062 0.393056 0.021875 0.102778
0 0.725260 0.419907 0.024479 0.089815
0 0.661719 0.312037 0.019271 0.094444
1 0.323437 0.202315 0.025000 0.076852
1 0.387760 0.352315 0.038021 0.099074
1 0.009375 0.842130 0.017708 0.162037
1 0.197396 0.585185 0.037500 0.135185
1 0.678646 0.600926 0.025000 0.122222
1 0.770052 0.525000 0.036979 0.107407
1 0.620052 0.398148 0.030729 0.092593
1 0.676562 0.356481 0.021875 0.083333
2 0.384635 0.510185 0.035937 0.125926
