1 0.050000 0.427778 0.036458 0.133333
1 0.109375 0.613426 0.039583 0.141667
1 0.189583 0.549074 0.060417 0.148148
1 0.334375 0.449537 0.036458 0.126852
1 0.461458 0.441204 0.038542 0.121296
1 0.752865 0.910185 0.054688 0.179630
1 0.653125 0.388889 0.044792 0.118519
1 0.705729 0.290741 0.032292 0.094444
0 0.311979 0.739352 0.038542 0.150926
0 0.147135 0.561574 0.030729 0.119444
0 0.838281 0.413889 0.041146 0.125926
0 0.724479 0.275000 0.039583 0.105556
2 0.832292 0.189815 0.038542 0.098148
3 0.601302 0.309259 0.010937 0.022222
