2 0.874479 0.182870 0.028125 0.099074
3 0.642448 0.319444 0.010937 0.018519
1 0.797656 0.896296 0.039062 0.179630
1 0.245833 0.610648 0.054167 0.136111
1 0.368750 0.453241 0.052083 0.126852
1 0.471615 0.431019 0.027604 0.126852
1 0.682813 0.400463 0.033333 0.121296
1 0.696094 0.295833 0.026562 0.102778
1 0.207813 0.532870 0.039583 0.115741
1 0.164062 0.437500 0.037500 0.125000
0 0.228646 0.542130 0.034375 0.093519
0 0.387760 0.699537 0.038021 0.147222
0 0.894271 0.437037 0.029167 0.122222
0 0.715104 0.270833 0.039583 0.084259
