0 0.934896 0.452315 0.038542 0.137963
0 0.786458 0.946296 0.038542 0.107407
0 0.437240 0.645370 0.051562 0.133333
0 0.681510 0.268519 0.033854 0.066667
0 0.355990 0.525000 0.032813 0.142593
1 0.276042 0.434259 0.051042 0.131481
1 0.302083 0.523611 0.050000 0.136111
1 0.436458 0.434722 0.051042 0.126852
1 0.500781 0.420833 0.047396 0.119444
1 0.703646 0.399537 0.032292 0.119444
1 0.686198 0.303704 0.035937 0.064815
1 0.842448 0.872222 0.050521 0.192593
2 0.913542 0.173148 0.019792 0.096296
3 0.626302 0.302315 0.013021 0.017593
