3 0.478646 0.364815 0.013542 0.025926
2 0.972135 0.168981 0.027604 0.087963
1 0.372917 0.412037 0.028125 0.129630
1 0.428906 0.469907 0.025521 0.104630
1 0.434896 0.562037 0.043750 0.133333
1 0.725781 0.381019 0.025521 0.110185
1 0.736198 0.280093 0.028646 0.108333
1 0.860938 0.839815 0.047917 0.187037
1 0.567708 0.402778 0.031250 0.137037
1 0.506771 0.434722 0.039583 0.134259
0 0.392448 0.591204 0.047396 0.147222
0 0.484896 0.515278 0.042708 0.134259
0 0.678906 0.304167 0.049479 0.065741
0 0.975260 0.462500 0.032813 0.141667
0 0.738542 0.927315 0.050000 0.145370
