0 0.764844 0.761111 0.047396 0.138889
0 0.895052 0.654167 0.033854 0.134259
0 0.193490 0.573611 0.024479 0.113889
0 0.755208 0.412500 0.018750 0.073148
0 0.682292 0.396296 0.023958 0.090741
0 0.555729 0.354167 0.015625 0.043519
1 0.383073 0.587500 0.026562 0.121296
1 0.150521 0.461574 0.021875 0.112037
1 0.182812 0.509722 0.014583 0.106481
1 0.268229 0.502315 0.026042 0.110185
1 0.290104 0.465741 0.031250 0.112963
1 0.347135 0.464815 0.028646 0.114815
1 0.448958 0.458333 0.028125 0.112963
1 0.545833 0.401852 0.026042 0.094444
1 0.572656 0.395833 0.019271 0.087963
1 0.870833 0.595370 0.030208 0.122222
2 0.610156 0.494907 0.024479 0.108333
2 0.658594 0.232407 0.021354 0.087037
