1 0.134896 0.441204 0.020833 0.062037
1 0.133073 0.521759 0.030729 0.115741
1 0.215625 0.506944 0.038542 0.071296
1 0.268490 0.482407 0.025521 0.111111
1 0.300260 0.560648 0.030729 0.110185
1 0.290104 0.441204 0.022917 0.100926
1 0.436979 0.501852 0.021875 0.096296
1 0.436458 0.399074 0.037500 0.083333
1 0.411979 0.470370 0.028125 0.096296
1 0.708073 0.629630 0.039062 0.137037
1 0.778906 0.582407 0.032813 0.118519
0 0.177083 0.574074 0.020833 0.122222
0 0.219271 0.587963 0.027083 0.122222
0 0.887240 0.603704 0.032813 0.122222
0 0.792969 0.458796 0.021354 0.097222
0 0.660937 0.325926 0.021875 0.092593
0 0.532031 0.412500 0.024479 0.095370
2 0.724479 0.534722 0.026042 0.123148
2 0.664062 0.230556 0.022917 0.087037
