2 0.673698 0.236111 0.026562 0.085185
2 0.741406 0.537500 0.022396 0.117593
0 0.265104 0.629630 0.033333 0.087037
0 0.612500 0.605556 0.041667 0.112963
0 0.902865 0.592593 0.042188 0.127778
0 0.860417 0.569444 0.020833 0.118519
0 0.845573 0.530556 0.020313 0.124074
0 0.635156 0.275000 0.025521 0.079630
0 0.470313 0.398148 0.027083 0.101852
0 0.182812 0.567130 0.032292 0.123148
1 0.401823 0.565741 0.033854 0.105556
1 0.790365 0.583333 0.031771 0.116667
1 0.412240 0.388889 0.023438 0.103704
1 0.445833 0.496759 0.021875 0.113889
1 0.400000 0.500926 0.019792 0.079630
1 0.311979 0.565741 0.021875 0.118519
1 0.307812 0.437500 0.021875 0.099074
1 0.291146 0.474537 0.029167 0.112037
1 0.226823 0.504630 0.022396 0.122222
1 0.136979 0.518519 0.033333 0.114815
1 0.150781 0.451852 0.021354 0.083333
