1 0.757552 0.594907 0.031771 0.099074
1 0.520052 0.372222 0.022396 0.092593
1 0.470313 0.493056 0.021875 0.104630
1 0.398698 0.535185 0.038021 0.081481
1 0.321354 0.532407 0.019792 0.103704
1 0.309115 0.561111 0.022396 0.114815
1 0.292708 0.483796 0.014583 0.106481
1 0.290625 0.414815 0.018750 0.053704
1 0.231510 0.506481 0.022396 0.118519
1 0.131510 0.519907 0.026562 0.125000
1 0.142969 0.462037 0.017188 0.111111
0 0.166667 0.548611 0.021875 0.100926
0 0.261458 0.628241 0.031250 0.087963
0 0.432552 0.600000 0.032813 0.114815
0 0.721875 0.599074 0.022917 0.109259
0 0.715885 0.515741 0.017188 0.064815
0 0.733594 0.517593 0.014063 0.068519
2 0.740365 0.518519 0.027604 0.085185
0 0.590625 0.265278 0.020833 0.080556
2 0.672917 0.234722 0.025000 0.087963
