2 0.668490 0.233796 0.023438 0.087963
2 0.738021 0.534722 0.018750 0.119444
1 0.750260 0.599074 0.039062 0.053704
1 0.583854 0.357407 0.022917 0.088889
1 0.483333 0.480556 0.017708 0.111111
1 0.390104 0.523148 0.042708 0.125926
1 0.336458 0.548611 0.020833 0.108333
1 0.292187 0.545833 0.020833 0.112037
1 0.288802 0.468056 0.010937 0.086111
1 0.279948 0.439352 0.023438 0.102778
1 0.227344 0.506944 0.029687 0.123148
1 0.129948 0.525463 0.023438 0.115741
0 0.627344 0.253241 0.031771 0.087963
0 0.632552 0.539815 0.025521 0.118519
0 0.596615 0.522685 0.027604 0.073148
0 0.596354 0.592130 0.032292 0.112037
0 0.261198 0.625463 0.023438 0.091667
0 0.309896 0.593056 0.034375 0.121296
0 0.150260 0.561574 0.023438 0.119444
1 0.138281 0.447222 0.021354 0.074074
