0 0.582031 0.711111 0.035937 0.133333
1 0.669531 0.433333 0.026562 0.079630
1 0.945312 0.449074 0.031250 0.122222
1 0.249219 0.738889 0.032813 0.146296
1 0.634375 0.500926 0.037500 0.105556
1 0.517969 0.356481 0.030729 0.101852
1 0.211719 0.516667 0.029687 0.118519
1 0.535156 0.565278 0.033854 0.123148
2 0.285677 0.246759 0.022396 0.082407
2 0.453646 0.346296 0.022917 0.103704
2 0.101562 0.465278 0.034375 0.115741
2 0.084115 0.706481 0.034896 0.153704
2 0.485677 0.743056 0.039062 0.141667
2 0.627344 0.631481 0.032813 0.127778
2 0.816406 0.496296 0.027604 0.120370
