0 0.668750 0.348148 0.015625 0.092593
0 0.719010 0.237963 0.019271 0.066667
0 0.541667 0.551852 0.025000 0.114815
0 0.493750 0.558796 0.025000 0.113889
0 0.484635 0.596296 0.028646 0.120370
0 0.241667 0.612500 0.030208 0.113889
0 0.203906 0.575463 0.027604 0.117593
0 0.136979 0.555556 0.015625 0.127778
1 0.461458 0.480093 0.018750 0.100926
1 0.628646 0.357870 0.021875 0.097222
1 0.732552 0.600926 0.042188 0.074074
1 0.371094 0.519444 0.027604 0.120370
1 0.344271 0.550926 0.029167 0.118519
1 0.277865 0.560185 0.023438 0.114815
1 0.277083 0.468981 0.017708 0.076852
1 0.259896 0.438426 0.030208 0.115741
1 0.116927 0.521759 0.021354 0.110185
1 0.213021 0.500463 0.018750 0.119444
1 0.129948 0.449537 0.023438 0.076852
2 0.711979 0.530556 0.025000 0.107407
2 0.649740 0.237963 0.030729 0.090741
3 0.747656 0.269907 0.008854 0.019444
