3 0.719531 0.275463 0.006771 0.012037
2 0.659635 0.237963 0.018229 0.077778
2 0.673177 0.581481 0.026562 0.124074
0 0.729427 0.243519 0.019271 0.070370
0 0.731510 0.334259 0.019271 0.083333
0 0.470313 0.574074 0.021875 0.109259
1 0.473438 0.474074 0.014583 0.098148
1 0.723958 0.586574 0.021875 0.119444
1 0.690104 0.336111 0.021875 0.079630
1 0.144010 0.465741 0.016146 0.096296
1 0.124219 0.523611 0.019271 0.117593
1 0.367448 0.524074 0.016146 0.111111
1 0.283854 0.487037 0.016667 0.111111
1 0.273958 0.437500 0.019792 0.095370
1 0.323698 0.565741 0.021354 0.107407
1 0.303646 0.553241 0.018750 0.113889
1 0.223698 0.506944 0.017188 0.110185
0 0.402344 0.574074 0.023438 0.118519
0 0.391146 0.591667 0.025000 0.124074
0 0.254427 0.615741 0.026562 0.118519
0 0.164583 0.565741 0.018750 0.122222
0 0.145573 0.557407 0.013021 0.116667
