0 0.707292 0.241204 0.018750 0.069444
0 0.777083 0.326852 0.025000 0.096296
0 0.423177 0.585648 0.031771 0.128704
0 0.350000 0.589815 0.018750 0.127778
0 0.324219 0.591204 0.030729 0.139815
0 0.258594 0.604630 0.031771 0.135185
0 0.194531 0.568056 0.025521 0.137963
0 0.159635 0.556481 0.026562 0.124074
1 0.731510 0.573611 0.019271 0.112037
1 0.480208 0.481481 0.026042 0.112963
1 0.382292 0.528704 0.027083 0.107407
1 0.309115 0.546759 0.022396 0.117593
1 0.290365 0.566667 0.021354 0.118519
1 0.131510 0.527315 0.022396 0.117593
1 0.223698 0.513889 0.019271 0.114815
1 0.291927 0.470833 0.017188 0.073148
1 0.147656 0.455093 0.018229 0.095370
1 0.282031 0.433796 0.015104 0.093519
2 0.645573 0.607407 0.039062 0.131481
2 0.669792 0.242593 0.017708 0.096296
3 0.692708 0.277778 0.011458 0.025926
