0 0.921354 0.678704 0.031250 0.127778
0 0.332292 0.603241 0.028125 0.125000
0 0.267188 0.612500 0.023958 0.128704
0 0.246615 0.609259 0.014063 0.127778
0 0.230208 0.569907 0.022917 0.119444
0 0.189844 0.569907 0.025521 0.126852
0 0.168750 0.556944 0.013542 0.115741
0 0.763281 0.302778 0.014063 0.081481
0 0.672396 0.240278 0.012500 0.067593
3 0.666146 0.278704 0.007292 0.014815
2 0.684115 0.238889 0.013021 0.077778
2 0.560156 0.645833 0.021354 0.126852
1 0.727865 0.312037 0.022396 0.094444
1 0.697135 0.572222 0.022396 0.109259
1 0.501302 0.474074 0.021354 0.107407
1 0.384375 0.531019 0.027083 0.119444
1 0.320052 0.561574 0.017188 0.121296
1 0.307552 0.492130 0.018229 0.113889
1 0.294531 0.440278 0.024479 0.099074
1 0.147396 0.536574 0.026042 0.126852
1 0.255729 0.545370 0.017708 0.051852
1 0.234375 0.493056 0.022917 0.082407
1 0.159635 0.466204 0.011979 0.108333
