0 0.746615 0.619907 0.024479 0.119444
0 0.219271 0.588426 0.018750 0.108333
0 0.161719 0.664815 0.025521 0.122222
0 0.673177 0.243519 0.006771 0.072222
3 0.687240 0.276852 0.006771 0.009259
2 0.713281 0.234259 0.018229 0.075926
1 0.629427 0.297222 0.017188 0.083333
1 0.668750 0.550000 0.026042 0.112963
2 0.439063 0.684259 0.026042 0.129630
1 0.410417 0.500000 0.019792 0.109259
1 0.308594 0.545833 0.030729 0.102778
1 0.328906 0.433796 0.032813 0.095370
1 0.307292 0.465278 0.013542 0.091667
1 0.261719 0.506481 0.021354 0.116667
1 0.247135 0.559722 0.030729 0.115741
1 0.208854 0.552778 0.019792 0.096296
1 0.200000 0.519444 0.019792 0.072222
0 0.143490 0.612963 0.018229 0.124074
0 0.165365 0.554167 0.026562 0.095370
1 0.186719 0.457407 0.016146 0.100000
