0 0.797135 0.633796 0.028646 0.117593
0 0.670833 0.239352 0.011458 0.076852
0 0.700260 0.240741 0.014063 0.077778
0 0.097135 0.679167 0.043229 0.126852
0 0.211719 0.589815 0.021354 0.118519
0 0.140885 0.618056 0.032813 0.132407
0 0.125260 0.543519 0.022396 0.090741
0 0.170833 0.559259 0.027083 0.125926
0 0.197656 0.557870 0.016146 0.097222
1 0.668490 0.546759 0.015104 0.117593
1 0.468490 0.467130 0.024479 0.104630
1 0.301302 0.542593 0.023438 0.105556
1 0.642969 0.302778 0.023438 0.085185
1 0.326823 0.432870 0.026562 0.091667
1 0.308594 0.462037 0.019271 0.072222
1 0.256250 0.511111 0.029167 0.100000
1 0.236719 0.558333 0.023438 0.111111
1 0.186458 0.458796 0.023958 0.095370
1 0.169010 0.486574 0.017188 0.037963
2 0.452344 0.699074 0.026562 0.131481
2 0.714844 0.233796 0.025521 0.069444
3 0.683073 0.275926 0.008854 0.011111
