2 0.469010 0.721759 0.027604 0.139815
2 0.704167 0.237963 0.020833 0.074074
3 0.741406 0.282870 0.009896 0.021296
0 0.782292 0.621296 0.030208 0.116667
0 0.729948 0.250000 0.019271 0.074074
0 0.650000 0.240278 0.016667 0.071296
0 0.036198 0.674537 0.029687 0.134259
0 0.206771 0.587037 0.018750 0.109259
0 0.186458 0.550926 0.019792 0.118519
0 0.138021 0.612500 0.025000 0.126852
0 0.146094 0.532407 0.023438 0.074074
0 0.109375 0.555093 0.016667 0.117593
1 0.680469 0.294907 0.029687 0.065741
1 0.646875 0.560185 0.028125 0.107407
1 0.516927 0.423148 0.031771 0.087037
1 0.334896 0.434259 0.034375 0.088889
1 0.312760 0.474537 0.024479 0.097222
1 0.277604 0.536111 0.023958 0.096296
1 0.241146 0.505556 0.023958 0.127778
1 0.221354 0.554630 0.027083 0.111111
1 0.186979 0.453704 0.020833 0.103704
1 0.153385 0.493056 0.017188 0.049074
