1 0.622917 0.557870 0.032292 0.128704
1 0.677604 0.292130 0.022917 0.071296
1 0.522396 0.412500 0.031250 0.097222
1 0.323698 0.439352 0.033854 0.097222
1 0.296354 0.463426 0.026042 0.115741
1 0.253125 0.537500 0.026042 0.102778
1 0.224479 0.487500 0.020833 0.108333
1 0.203125 0.537500 0.025000 0.099074
1 0.106250 0.602315 0.022917 0.108333
1 0.162760 0.437500 0.019271 0.106481
0 0.011458 0.661111 0.021875 0.129630
0 0.102344 0.523611 0.024479 0.087963
0 0.165104 0.545833 0.023958 0.099074
0 0.192708 0.567130 0.028125 0.089815
0 0.756510 0.619444 0.035937 0.120370
0 0.624219 0.238426 0.013021 0.073148
0 0.718229 0.254630 0.014583 0.081481
3 0.792188 0.307407 0.014583 0.018519
2 0.440104 0.706481 0.038542 0.138889
2 0.682813 0.231019 0.030208 0.071296
