2 0.280208 0.603704 0.042708 0.114815
2 0.517448 0.249537 0.021354 0.065741
0 0.762500 0.376389 0.036458 0.095370
0 0.544010 0.557407 0.040104 0.114815
0 0.436458 0.264352 0.028125 0.065741
0 0.114583 0.500926 0.019792 0.088889
0 0.040885 0.494444 0.017188 0.100000
1 0.522135 0.360185 0.026562 0.070370
1 0.368490 0.506481 0.029687 0.101852
1 0.269010 0.405556 0.023438 0.100000
1 0.165885 0.462037 0.030729 0.109259
1 0.132552 0.481481 0.024479 0.094444
1 0.080990 0.477315 0.023438 0.104630
1 0.023698 0.495370 0.015104 0.107407
1 0.066406 0.512963 0.025521 0.088889
3 0.691146 0.391204 0.020833 0.032407
