0 0.987500 0.442130 0.025000 0.123148
0 0.993229 0.522685 0.013542 0.130556
0 0.981510 0.789352 0.034896 0.154630
0 0.803385 0.280556 0.028646 0.101852
0 0.563021 0.449537 0.026042 0.115741
0 0.555729 0.675000 0.032292 0.138889
0 0.486198 0.724537 0.035937 0.143519
0 0.411458 0.335648 0.029167 0.108333
0 0.372656 0.380093 0.025521 0.108333
1 0.889062 0.409722 0.025000 0.115741
1 0.767448 0.780093 0.043229 0.152778
1 0.609896 0.535648 0.029167 0.125000
1 0.441667 0.268056 0.025000 0.080556
1 0.235417 0.372222 0.031250 0.109259
1 0.243229 0.496296 0.036458 0.127778
2 0.477865 0.368056 0.024479 0.100926
