0 0.190885 0.327315 0.042188 0.117593
0 0.165104 0.664352 0.032292 0.152778
0 0.405208 0.557870 0.034375 0.143519
0 0.875521 0.637963 0.031250 0.148148
0 0.886458 0.418519 0.035417 0.135185
0 0.743229 0.509259 0.046875 0.118519
0 0.670573 0.412037 0.036979 0.127778
0 0.441927 0.372222 0.038021 0.096296
0 0.451823 0.320370 0.019271 0.085185
1 0.020573 0.343519 0.030729 0.074074
1 0.422917 0.303704 0.028125 0.057407
1 0.574219 0.769907 0.031771 0.162037
1 0.704688 0.557870 0.035417 0.134259
1 0.570312 0.395370 0.021875 0.109259
2 0.027083 0.437037 0.026042 0.125926
