2 0.429688 0.418519 0.036458 0.116667
1 0.065365 0.853704 0.055729 0.162963
1 0.190885 0.505556 0.036979 0.135185
1 0.216146 0.350926 0.037500 0.088889
1 0.985677 0.633333 0.028646 0.137037
1 0.881250 0.372222 0.033333 0.114815
1 0.578646 0.297222 0.025000 0.064815
1 0.582812 0.374074 0.035417 0.092593
0 0.317448 0.334722 0.032813 0.097222
3 0.310677 0.375926 0.009896 0.014815
0 0.435156 0.524537 0.035937 0.115741
0 0.710417 0.301852 0.017708 0.101852
0 0.988542 0.477315 0.022917 0.128704
0 0.929948 0.388889 0.039062 0.112963
0 0.800781 0.441667 0.023438 0.116667
0 0.768490 0.344907 0.028646 0.099074
0 0.785677 0.299074 0.027604 0.103704
