0 0.371354 0.346296 0.023958 0.098148
0 0.284375 0.424537 0.027083 0.100926
1 0.776042 0.844907 0.031250 0.158333
1 0.923698 0.446759 0.025521 0.117593
1 0.214583 0.404167 0.028125 0.112037
1 0.437240 0.287963 0.025521 0.087037
1 0.627344 0.548148 0.024479 0.122222
1 0.288281 0.520370 0.021354 0.133333
0 0.866667 0.300463 0.023958 0.102778
0 0.572656 0.482870 0.024479 0.108333
0 0.556510 0.677315 0.030729 0.134259
0 0.464844 0.746759 0.032813 0.141667
0 0.991406 0.801389 0.017188 0.160185
3 0.442188 0.257407 0.009375 0.020370
2 0.472396 0.407407 0.016667 0.111111
