0 0.314583 0.730556 0.032292 0.140741
0 0.440885 0.637500 0.027604 0.132407
0 0.883073 0.791667 0.043229 0.153704
0 0.942969 0.569907 0.029687 0.150926
0 0.924219 0.436574 0.023438 0.113889
0 0.766146 0.288889 0.025000 0.094444
0 0.131250 0.432870 0.031250 0.108333
0 0.255729 0.325000 0.026042 0.105556
0 0.464062 0.472222 0.028125 0.109259
1 0.088281 0.404630 0.033854 0.111111
1 0.215104 0.506481 0.025000 0.122222
1 0.530469 0.518519 0.030729 0.129630
1 0.646354 0.825926 0.045833 0.170370
1 0.821094 0.421759 0.036979 0.121296
1 0.331771 0.281481 0.021875 0.074074
2 0.385417 0.401852 0.022917 0.114815
3 0.551302 0.287037 0.010937 0.024074
