0 0.050781 0.965278 0.032813 0.069444
0 0.288802 0.486574 0.024479 0.130556
0 0.751042 0.629630 0.031250 0.144444
0 0.847917 0.377315 0.025000 0.119444
0 0.353906 0.297685 0.020313 0.100926
0 0.608333 0.254630 0.032292 0.100000
0 0.094010 0.115741 0.021354 0.085185
3 0.598698 0.294444 0.013021 0.024074
1 0.221615 0.216204 0.019271 0.087963
1 0.020573 0.276852 0.021354 0.105556
1 0.459375 0.325000 0.029167 0.094444
1 0.051042 0.475463 0.031250 0.121296
1 0.440104 0.488889 0.021875 0.105556
1 0.118490 0.742593 0.066146 0.135185
