1 0.455990 0.824537 0.031771 0.150926
1 0.050000 0.522685 0.027083 0.145370
1 0.423958 0.502315 0.026042 0.117593
1 0.678646 0.376852 0.038542 0.103704
1 0.146615 0.305093 0.020313 0.091667
0 0.801042 0.434259 0.027083 0.127778
0 0.797135 0.575926 0.027604 0.140741
0 0.707292 0.851389 0.030208 0.167593
0 0.066406 0.776389 0.043229 0.145370
0 0.294792 0.601852 0.028125 0.127778
0 0.301042 0.468056 0.027083 0.110185
0 0.623177 0.273611 0.032813 0.097222
0 0.106250 0.294907 0.028125 0.106481
3 0.594792 0.310185 0.009375 0.022222
2 0.229687 0.435185 0.032292 0.122222
