1 0.182292 0.407870 0.033333 0.119444
1 0.283073 0.514815 0.033854 0.129630
1 0.735677 0.840278 0.038021 0.152778
1 0.605729 0.536574 0.036458 0.137963
1 0.900521 0.434722 0.028125 0.119444
1 0.413802 0.289815 0.026562 0.083333
0 0.846875 0.295370 0.032292 0.112963
0 0.967187 0.794907 0.035417 0.162037
0 0.545573 0.480556 0.032813 0.124074
0 0.523698 0.658796 0.041146 0.141667
0 0.417448 0.742130 0.041146 0.152778
0 0.341146 0.341204 0.032292 0.106481
0 0.234896 0.431481 0.036458 0.112963
2 0.456250 0.414352 0.032292 0.123148
