2 0.311458 0.163426 0.026042 0.084259
0 0.360677 0.422222 0.028646 0.109259
0 0.472396 0.291204 0.035417 0.099074
0 0.708073 0.615741 0.032813 0.127778
0 0.865625 0.403241 0.032292 0.108333
0 0.756510 0.237963 0.024479 0.090741
0 0.900000 0.296759 0.042708 0.087963
1 0.058594 0.706481 0.046354 0.148148
1 0.473177 0.487037 0.033854 0.140741
1 0.667448 0.470833 0.022396 0.119444
1 0.600781 0.199537 0.028646 0.082407
1 0.861198 0.302778 0.025521 0.092593
1 0.395052 0.279630 0.044271 0.096296
3 0.403906 0.299537 0.009896 0.017593
