1 0.480208 0.487037 0.030208 0.125926
1 0.012760 0.699074 0.024479 0.146296
1 0.647656 0.457407 0.022396 0.107407
1 0.403646 0.271759 0.028125 0.100926
1 0.756510 0.301389 0.017188 0.086111
1 0.578906 0.219444 0.025521 0.096296
2 0.990365 0.426852 0.019271 0.112963
2 0.290625 0.192130 0.030208 0.104630
0 0.323437 0.423611 0.033333 0.119444
0 0.442969 0.273611 0.024479 0.082407
0 0.701042 0.266204 0.027083 0.089815
0 0.803385 0.312963 0.038021 0.101852
0 0.858594 0.398611 0.029687 0.102778
0 0.647656 0.644444 0.036979 0.138889
