2 0.338542 0.397222 0.040625 0.131481
0 0.873958 0.427778 0.026042 0.133333
0 0.892708 0.550000 0.026042 0.135185
0 0.832031 0.783796 0.047396 0.145370
0 0.716146 0.273148 0.037500 0.112963
0 0.411458 0.460185 0.035417 0.112963
0 0.391406 0.623148 0.030729 0.135185
0 0.204167 0.312963 0.022917 0.107407
0 0.061719 0.429630 0.030729 0.133333
0 0.248958 0.731019 0.039583 0.150926
1 0.020052 0.397685 0.028646 0.119444
1 0.489583 0.512037 0.033333 0.125926
1 0.169531 0.499074 0.031771 0.138889
1 0.586458 0.803241 0.037500 0.145370
1 0.773958 0.401389 0.026042 0.108333
1 0.282552 0.279630 0.038021 0.088889
3 0.566406 0.282870 0.009896 0.015741
