0 0.641406 0.286111 0.033854 0.085185
0 0.286458 0.307870 0.023958 0.099074
0 0.952083 0.454630 0.031250 0.129630
0 0.837760 0.598148 0.050521 0.153704
0 0.708333 0.921759 0.061458 0.156481
0 0.438281 0.473611 0.027604 0.119444
0 0.419271 0.616667 0.040625 0.129630
3 0.610938 0.307870 0.012500 0.019444
2 0.311719 0.486111 0.034896 0.124074
1 0.157552 0.541204 0.038021 0.132407
1 0.240365 0.320370 0.030729 0.100000
1 0.009635 0.418519 0.018229 0.114815
1 0.549479 0.521759 0.025000 0.123148
1 0.467969 0.865741 0.048438 0.153704
1 0.675521 0.314352 0.032292 0.093519
