1 0.978125 0.313889 0.031250 0.107407
1 0.112240 0.356481 0.025521 0.107407
1 0.364063 0.340741 0.028125 0.101852
1 0.539844 0.501852 0.039062 0.127778
1 0.573958 0.308796 0.026042 0.093519
3 0.591667 0.325463 0.008333 0.015741
2 0.594271 0.450000 0.026042 0.120370
2 0.211458 0.244444 0.034375 0.098148
0 0.194271 0.669444 0.039583 0.142593
0 0.952083 0.636111 0.034375 0.151852
0 0.987500 0.955093 0.025000 0.089815
0 0.091406 0.384722 0.032813 0.125000
0 0.549219 0.346759 0.023438 0.104630
0 0.605990 0.293056 0.020313 0.080556
