1 0.450521 0.507407 0.033333 0.116667
1 0.462760 0.842130 0.041146 0.167593
1 0.069271 0.524537 0.036458 0.149074
1 0.676302 0.340278 0.029687 0.099074
1 0.158854 0.310648 0.015625 0.097222
3 0.556510 0.307407 0.007812 0.012963
2 0.241667 0.444444 0.028125 0.122222
0 0.326302 0.467130 0.026562 0.112037
0 0.322656 0.602315 0.029687 0.132407
0 0.040625 0.789352 0.064583 0.154630
0 0.700521 0.895833 0.043750 0.169444
0 0.614844 0.278704 0.028646 0.092593
0 0.139323 0.295833 0.027604 0.104630
0 0.812760 0.580093 0.035937 0.145370
0 0.833594 0.436111 0.031771 0.127778
