2 0.298177 0.475463 0.036979 0.121296
3 0.598698 0.310185 0.008854 0.016667
0 0.245573 0.303241 0.020313 0.097222
0 0.017448 0.791204 0.033854 0.137963
0 0.917969 0.450926 0.020313 0.135185
0 0.718229 0.921759 0.044792 0.156481
0 0.839063 0.588889 0.051042 0.142593
0 0.639323 0.275000 0.031771 0.079630
0 0.404167 0.466204 0.036458 0.117593
0 0.391146 0.610185 0.040625 0.137037
1 0.215625 0.312500 0.021875 0.095370
1 0.132812 0.529630 0.044792 0.138889
1 0.477604 0.859259 0.048958 0.148148
1 0.520312 0.513889 0.034375 0.122222
1 0.677344 0.318981 0.029687 0.095370
