1 0.171875 0.342593 0.027083 0.125926
1 0.249479 0.525926 0.028125 0.148148
1 0.476562 0.378704 0.029167 0.114815
1 0.564583 0.850000 0.045833 0.168519
1 0.962760 0.651852 0.046354 0.164815
2 0.471354 0.456481 0.023958 0.133333
2 0.130469 0.247685 0.028646 0.115741
1 0.608073 0.323611 0.038021 0.112037
0 0.678125 0.302315 0.026042 0.115741
0 0.664323 0.950000 0.050521 0.100000
0 0.821615 0.645370 0.050521 0.148148
0 0.928906 0.402778 0.035937 0.122222
0 0.519271 0.289352 0.030208 0.112037
3 0.504427 0.275000 0.007812 0.022222
