0 0.538281 0.912963 0.028646 0.174074
0 0.724219 0.596296 0.044271 0.153704
0 0.872917 0.370833 0.041667 0.130556
0 0.464062 0.266667 0.038542 0.092593
0 0.608854 0.286574 0.027083 0.102778
2 0.441146 0.463426 0.032292 0.115741
2 0.128385 0.243056 0.036979 0.097222
3 0.565885 0.249537 0.007812 0.017593
1 0.182812 0.319907 0.022917 0.126852
1 0.229427 0.521296 0.043229 0.170370
1 0.432031 0.798148 0.059896 0.179630
1 0.810417 0.597222 0.030208 0.142593
1 0.528125 0.296296 0.036458 0.101852
1 0.456771 0.362037 0.030208 0.105556
