1 0.219271 0.516204 0.031250 0.143519
1 0.408333 0.790278 0.048958 0.156481
1 0.171875 0.318981 0.027083 0.119444
1 0.450260 0.356944 0.034896 0.104630
1 0.507552 0.296759 0.024479 0.104630
1 0.778906 0.594907 0.045312 0.156481
3 0.577083 0.288426 0.007292 0.021296
2 0.434896 0.467593 0.034375 0.124074
2 0.119271 0.242593 0.036458 0.111111
0 0.858333 0.364815 0.020833 0.100000
0 0.514323 0.916667 0.053646 0.166667
0 0.701823 0.600000 0.039062 0.142593
0 0.595833 0.296759 0.033333 0.087963
0 0.450000 0.278704 0.034375 0.098148
