0 0.460417 0.918519 0.055208 0.162963
0 0.668490 0.591204 0.044271 0.130556
0 0.829948 0.361574 0.029687 0.112037
0 0.416927 0.278704 0.032813 0.107407
0 0.572656 0.285648 0.024479 0.112037
2 0.422917 0.468981 0.032292 0.134259
2 0.106510 0.236574 0.035937 0.115741
1 0.482031 0.289815 0.022396 0.092593
1 0.161458 0.312037 0.035417 0.112963
1 0.191146 0.512037 0.033333 0.140741
1 0.370833 0.787500 0.045833 0.152778
1 0.744792 0.570833 0.033333 0.119444
1 0.444271 0.362037 0.035417 0.105556
3 0.570052 0.240278 0.011979 0.015741
