3 0.580729 0.225463 0.009375 0.013889
0 0.803646 0.348148 0.023958 0.107407
0 0.632292 0.568981 0.036458 0.150926
0 0.419010 0.904630 0.054688 0.161111
0 0.387760 0.280556 0.025521 0.101852
0 0.561719 0.277778 0.026562 0.103704
2 0.407292 0.477778 0.026042 0.125926
2 0.096615 0.234722 0.029687 0.104630
1 0.142187 0.314352 0.030208 0.115741
1 0.172656 0.508333 0.042188 0.151852
1 0.336719 0.780556 0.038021 0.170370
1 0.713021 0.573611 0.030208 0.136111
1 0.467448 0.357870 0.047396 0.104630
1 0.454427 0.280093 0.022396 0.065741
