15 0.323698 0.554630 0.038021 0.133333
15 0.091146 0.895370 0.033333 0.161111
15 0.353125 0.333333 0.025000 0.092593
15 0.284115 0.242593 0.019271 0.090741
15 0.583333 0.370370 0.021875 0.096296
15 0.582812 0.339352 0.022917 0.097222
15 0.685937 0.555556 0.022917 0.112963
15 0.725260 0.410185 0.024479 0.100000
15 0.722656 0.330093 0.031771 0.073148
15 0.853125 0.597222 0.031250 0.112963
15 0.829427 0.538426 0.040104 0.084259
15 0.815365 0.396296 0.022396 0.096296
15 0.837240 0.376852 0.022396 0.090741
15 0.880208 0.393981 0.022917 0.108333
15 0.915365 0.442593 0.032813 0.118519
15 0.949479 0.526852 0.025000 0.124074
