15 0.223698 0.568981 0.042188 0.132407
15 0.018229 0.872222 0.034375 0.162963
15 0.262500 0.357870 0.036458 0.097222
15 0.364063 0.496296 0.031250 0.120370
15 0.429167 0.344444 0.031250 0.105556
15 0.553125 0.566204 0.028125 0.121296
15 0.713021 0.600463 0.034375 0.126852
15 0.597656 0.383796 0.015104 0.093519
15 0.616667 0.429630 0.023958 0.101852
15 0.666146 0.330093 0.029167 0.069444
15 0.704427 0.360185 0.022396 0.107407
15 0.741667 0.412037 0.016667 0.098148
15 0.763021 0.391667 0.021875 0.100000
15 0.785937 0.427778 0.023958 0.112963
15 0.777083 0.529630 0.037500 0.094444
15 0.893229 0.518519 0.031250 0.131481
15 0.980729 0.636574 0.032292 0.130556
