15 0.934896 0.351852 0.035417 0.100000
15 0.715104 0.944907 0.046875 0.110185
15 0.711979 0.534259 0.031250 0.124074
15 0.479427 0.587500 0.031771 0.145370
15 0.609896 0.427315 0.032292 0.110185
15 0.520312 0.414352 0.038542 0.106481
15 0.534375 0.289815 0.029167 0.085185
15 0.652344 0.243056 0.025521 0.095370
15 0.252865 0.467130 0.040104 0.119444
15 0.063802 0.627778 0.045312 0.140741
15 0.209375 0.882407 0.051042 0.164815
15 0.020833 0.745833 0.040625 0.137963
16 0.590365 0.259259 0.010937 0.022222
