15 0.151562 0.875000 0.054167 0.166667
15 0.013802 0.742130 0.026562 0.152778
15 0.729427 0.954630 0.040104 0.085185
15 0.063542 0.626852 0.036458 0.146296
15 0.257292 0.474537 0.046875 0.123148
15 0.472135 0.585185 0.038021 0.144444
15 0.765885 0.538889 0.032813 0.133333
15 0.950521 0.359722 0.028125 0.100926
15 0.654948 0.246296 0.019271 0.083333
15 0.620052 0.438426 0.025521 0.115741
15 0.513802 0.424537 0.029687 0.108333
15 0.552604 0.285185 0.025000 0.092593
16 0.619792 0.214352 0.008333 0.015741
