15 0.940885 0.363889 0.025521 0.098148
15 0.803385 0.523611 0.024479 0.121296
15 0.711458 0.954167 0.032292 0.091667
15 0.621354 0.435185 0.026042 0.109259
15 0.589323 0.281019 0.021354 0.078704
15 0.497135 0.425926 0.027604 0.107407
15 0.444792 0.572685 0.040625 0.137963
15 0.237240 0.484259 0.047396 0.120370
15 0.052344 0.609722 0.031771 0.123148
15 0.079427 0.819907 0.055729 0.162037
15 0.016406 0.938889 0.031771 0.122222
16 0.649479 0.282870 0.009375 0.015741
15 0.665104 0.255556 0.022917 0.074074
