15 0.920312 0.346759 0.037500 0.095370
15 0.811198 0.505093 0.029687 0.136111
15 0.679427 0.946759 0.038021 0.106481
15 0.043750 0.917593 0.031250 0.164815
15 0.020573 0.784259 0.040104 0.146296
15 0.030990 0.592593 0.027604 0.138889
15 0.207552 0.480556 0.042188 0.131481
15 0.410938 0.554167 0.034375 0.134259
15 0.495833 0.414815 0.042708 0.092593
15 0.623698 0.407870 0.026562 0.102778
15 0.600781 0.278704 0.026562 0.079630
15 0.668229 0.256944 0.030208 0.071296
16 0.658073 0.285185 0.007812 0.016667
