15 0.620313 0.918981 0.054167 0.162037
15 0.070833 0.828704 0.042708 0.172222
15 0.988802 0.784722 0.022396 0.162037
15 0.013802 0.572685 0.026562 0.147222
15 0.174740 0.460185 0.039062 0.125926
15 0.362760 0.502315 0.035937 0.132407
15 0.542969 0.379167 0.050521 0.086111
15 0.632812 0.381944 0.051042 0.084259
15 0.828906 0.471759 0.031771 0.117593
15 0.872135 0.337037 0.034896 0.100000
15 0.602604 0.280556 0.030208 0.090741
15 0.665625 0.273148 0.046875 0.081481
16 0.637500 0.299074 0.011458 0.014815
