15 0.988542 0.780556 0.022917 0.153704
15 0.606510 0.911574 0.039062 0.176852
15 0.730208 0.968981 0.042708 0.062037
15 0.079427 0.806019 0.040104 0.150926
15 0.021354 0.554167 0.028125 0.143519
15 0.185677 0.459722 0.030729 0.130556
15 0.358594 0.493519 0.032813 0.127778
15 0.540365 0.371759 0.050521 0.084259
15 0.620573 0.378704 0.036979 0.085185
15 0.836719 0.470833 0.033854 0.126852
15 0.864062 0.335648 0.032292 0.095370
15 0.662500 0.275000 0.045833 0.090741
15 0.606250 0.278704 0.034375 0.079630
16 0.593490 0.289815 0.009896 0.012963
