15 0.720573 0.967130 0.028646 0.065741
15 0.610156 0.896296 0.046354 0.168519
15 0.105469 0.789815 0.043229 0.157407
15 0.039062 0.554630 0.036458 0.137037
15 0.200781 0.449074 0.026562 0.129630
15 0.367448 0.480556 0.036979 0.131481
15 0.551562 0.369907 0.037500 0.097222
15 0.630208 0.378704 0.032292 0.100000
15 0.856771 0.462037 0.034375 0.120370
15 0.869010 0.332870 0.033854 0.110185
15 0.659896 0.275926 0.031250 0.088889
15 0.614323 0.282870 0.029687 0.076852
16 0.553125 0.296296 0.008333 0.011111
