15 0.788021 0.967593 0.032292 0.064815
15 0.703646 0.892593 0.055208 0.179630
15 0.229167 0.756019 0.034375 0.162037
15 0.986979 0.469907 0.026042 0.121296
15 0.988021 0.350000 0.023958 0.111111
15 0.755469 0.390741 0.032813 0.116667
15 0.731510 0.271759 0.036979 0.091667
15 0.696875 0.290741 0.036458 0.083333
15 0.628385 0.377778 0.029687 0.111111
15 0.455990 0.462037 0.040104 0.125926
15 0.307292 0.443056 0.037500 0.128704
15 0.153125 0.548611 0.047917 0.132407
15 0.098437 0.593056 0.032292 0.136111
15 0.027865 0.607870 0.030729 0.147222
16 0.584635 0.299074 0.009896 0.016667
