15 0.008333 0.855556 0.015625 0.157407
15 0.196875 0.582407 0.038542 0.127778
15 0.244271 0.368056 0.034375 0.084259
15 0.383594 0.509722 0.029687 0.123148
15 0.386458 0.353241 0.040625 0.097222
15 0.522656 0.577778 0.026562 0.127778
15 0.588542 0.433333 0.023958 0.105556
15 0.680469 0.603704 0.030729 0.124074
15 0.769531 0.523148 0.031771 0.105556
15 0.974479 0.659259 0.028125 0.125926
15 0.891406 0.517593 0.017188 0.124074
15 0.620833 0.391667 0.031250 0.103704
15 0.676042 0.356019 0.026042 0.093519
15 0.659635 0.312963 0.013021 0.096296
15 0.756510 0.431481 0.020313 0.111111
15 0.722917 0.419444 0.019792 0.096296
15 0.738542 0.397685 0.021875 0.100926
