15 0.756250 0.910185 0.057292 0.179630
15 0.313281 0.740741 0.047396 0.150000
15 0.840104 0.417130 0.041667 0.125000
15 0.652865 0.390741 0.043229 0.124074
15 0.708854 0.293519 0.038542 0.103704
15 0.725260 0.279630 0.040104 0.103704
15 0.461458 0.445370 0.039583 0.129630
15 0.339062 0.450463 0.044792 0.126852
15 0.189583 0.545370 0.052083 0.138889
15 0.148177 0.559722 0.041146 0.126852
15 0.111198 0.613426 0.042188 0.147222
15 0.047656 0.429630 0.032813 0.137037
16 0.603385 0.311574 0.011979 0.023148
