15 0.798958 0.903241 0.041667 0.178704
15 0.390885 0.700926 0.038021 0.144444
15 0.895833 0.437037 0.035417 0.124074
15 0.680990 0.400463 0.032813 0.132407
15 0.696615 0.294444 0.027604 0.087037
15 0.715104 0.268519 0.043750 0.085185
15 0.472396 0.433333 0.026042 0.124074
15 0.372917 0.451852 0.060417 0.124074
15 0.245833 0.614352 0.059375 0.137963
15 0.227083 0.556481 0.044792 0.129630
15 0.209896 0.535648 0.042708 0.125000
15 0.159896 0.437037 0.039583 0.116667
16 0.641406 0.318519 0.010937 0.014815
