15 0.790625 0.953704 0.041667 0.092593
15 0.842708 0.874537 0.050000 0.182407
15 0.935417 0.448148 0.050000 0.129630
15 0.700260 0.398611 0.039062 0.117593
15 0.685417 0.311111 0.032292 0.074074
15 0.683333 0.274537 0.026042 0.076852
15 0.502083 0.418519 0.045833 0.107407
15 0.438281 0.437500 0.049479 0.132407
15 0.438802 0.645833 0.057813 0.125000
15 0.398177 0.594907 0.033854 0.099074
15 0.355469 0.532407 0.048438 0.150000
15 0.305208 0.519907 0.065625 0.128704
15 0.275000 0.431019 0.034375 0.125000
16 0.623437 0.303704 0.014583 0.020370
