15 0.972396 0.463889 0.035417 0.138889
15 0.737500 0.924537 0.041667 0.150926
15 0.727083 0.379167 0.023958 0.110185
15 0.735677 0.278704 0.031771 0.107407
15 0.679688 0.305093 0.041667 0.047222
15 0.567708 0.400926 0.022917 0.133333
15 0.484115 0.513889 0.032813 0.133333
15 0.390885 0.593519 0.045312 0.150000
15 0.435417 0.565278 0.042708 0.143519
15 0.502604 0.432407 0.040625 0.135185
15 0.427083 0.469444 0.045833 0.098148
15 0.375521 0.415278 0.036458 0.143519
15 0.859635 0.842593 0.057813 0.183333
