15 0.764323 0.762037 0.046354 0.131481
15 0.894271 0.653241 0.033333 0.125000
15 0.869271 0.592593 0.029167 0.118519
15 0.608854 0.499537 0.026042 0.112037
15 0.755469 0.411111 0.020313 0.096296
15 0.685677 0.402315 0.023438 0.100926
15 0.447917 0.456481 0.021875 0.107407
15 0.544792 0.403241 0.019792 0.093519
15 0.567969 0.395370 0.021354 0.085185
15 0.557031 0.376389 0.016146 0.084259
15 0.381771 0.593981 0.026042 0.119444
15 0.347135 0.463426 0.020313 0.108333
15 0.290365 0.468056 0.022396 0.115741
15 0.265625 0.500926 0.023958 0.111111
15 0.193490 0.573611 0.031771 0.119444
15 0.185156 0.496296 0.017188 0.092593
15 0.148958 0.462963 0.026042 0.118519
