15 0.886719 0.604167 0.033854 0.128704
15 0.779427 0.584722 0.031771 0.119444
15 0.707812 0.628704 0.040625 0.131481
15 0.723698 0.535648 0.025521 0.119444
15 0.789844 0.462037 0.024479 0.105556
15 0.658854 0.326389 0.021875 0.087963
15 0.530729 0.409259 0.022917 0.096296
15 0.433073 0.504630 0.020313 0.101852
15 0.431771 0.399074 0.026042 0.085185
15 0.411198 0.471296 0.022396 0.101852
15 0.298177 0.559259 0.028646 0.111111
15 0.290365 0.445833 0.019271 0.100926
15 0.268750 0.480093 0.026042 0.112037
15 0.220052 0.588426 0.028646 0.113889
15 0.219010 0.511574 0.033854 0.073148
15 0.176302 0.582407 0.022396 0.125926
15 0.131250 0.522685 0.030208 0.104630
15 0.132812 0.441204 0.020833 0.056481
