15 0.901823 0.593519 0.039062 0.118519
15 0.860417 0.566204 0.025000 0.119444
15 0.844271 0.532407 0.019792 0.111111
15 0.787240 0.587500 0.033854 0.125000
15 0.635938 0.274074 0.020833 0.077778
15 0.611198 0.605093 0.047396 0.134259
15 0.470573 0.399074 0.021354 0.100000
15 0.413281 0.393056 0.022396 0.087963
15 0.445833 0.500000 0.021875 0.112963
15 0.403385 0.571296 0.028646 0.122222
15 0.398698 0.509259 0.021354 0.092593
15 0.312240 0.561574 0.034896 0.117593
15 0.304688 0.442593 0.018750 0.094444
15 0.289583 0.475000 0.017708 0.105556
15 0.225260 0.505093 0.024479 0.117593
15 0.264844 0.630556 0.034896 0.083333
15 0.185417 0.568056 0.043750 0.123148
15 0.138542 0.522685 0.027083 0.117593
15 0.150000 0.461111 0.015625 0.105556
