15 0.755990 0.596759 0.028646 0.091667
15 0.717448 0.595370 0.041146 0.129630
15 0.739844 0.535648 0.021354 0.121296
15 0.727865 0.520833 0.013021 0.087963
15 0.715104 0.529630 0.009375 0.088889
15 0.431510 0.599074 0.041146 0.118519
15 0.586719 0.263889 0.021354 0.075926
15 0.549740 0.371759 0.019271 0.086111
15 0.519271 0.375463 0.021875 0.093519
15 0.470573 0.495370 0.014063 0.111111
15 0.396354 0.539815 0.033333 0.075926
15 0.324219 0.547222 0.018229 0.131481
15 0.308594 0.559722 0.022396 0.115741
15 0.292187 0.483796 0.016667 0.108333
15 0.293229 0.417593 0.016667 0.055556
15 0.232292 0.508333 0.020833 0.114815
15 0.165365 0.551852 0.033854 0.116667
15 0.260677 0.627315 0.035937 0.095370
15 0.132031 0.518519 0.023438 0.120370
15 0.145052 0.470370 0.018229 0.120370
