15 0.750521 0.607870 0.038542 0.084259
15 0.735938 0.535648 0.028125 0.119444
15 0.626563 0.251852 0.026042 0.077778
15 0.624479 0.360185 0.030208 0.092593
15 0.585417 0.362500 0.028125 0.095370
15 0.631510 0.539352 0.027604 0.125000
15 0.595573 0.592593 0.034896 0.125926
15 0.597396 0.519907 0.023958 0.075000
15 0.483333 0.481944 0.027083 0.112037
15 0.392188 0.518981 0.043750 0.112037
15 0.260937 0.626852 0.032292 0.100000
15 0.336198 0.554630 0.027604 0.118519
15 0.298177 0.547685 0.017188 0.119444
15 0.291927 0.481019 0.021354 0.110185
15 0.278646 0.437500 0.017708 0.108333
15 0.226302 0.508333 0.020313 0.120370
15 0.148698 0.555556 0.025521 0.120370
15 0.141146 0.450926 0.027083 0.090741
15 0.130990 0.524074 0.019271 0.103704
