15 0.287240 0.247685 0.021354 0.076852
15 0.101562 0.466667 0.030208 0.111111
15 0.082552 0.702778 0.031771 0.153704
15 0.250260 0.739352 0.036979 0.136111
15 0.210938 0.516204 0.023958 0.117593
15 0.485938 0.747222 0.037500 0.144444
15 0.535156 0.564815 0.026562 0.131481
15 0.579427 0.712037 0.032813 0.138889
15 0.456250 0.341667 0.019792 0.088889
15 0.516406 0.358333 0.023438 0.098148
15 0.666927 0.433333 0.027604 0.077778
15 0.636198 0.502778 0.027604 0.107407
15 0.813021 0.493056 0.022917 0.117593
15 0.941146 0.451389 0.029167 0.123148
