15 0.735677 0.603241 0.042188 0.086111
15 0.714844 0.542593 0.021354 0.112963
15 0.666406 0.352778 0.020313 0.088889
15 0.624740 0.352778 0.021354 0.092593
15 0.718490 0.240741 0.016146 0.070370
15 0.536979 0.554630 0.031250 0.118519
15 0.484896 0.593519 0.031250 0.133333
15 0.491667 0.557407 0.018750 0.114815
15 0.462500 0.482407 0.019792 0.107407
15 0.372135 0.520833 0.022396 0.115741
15 0.344792 0.548611 0.030208 0.121296
15 0.279167 0.556944 0.025000 0.117593
15 0.275260 0.472685 0.026562 0.087963
15 0.260156 0.435648 0.023438 0.102778
15 0.241667 0.618056 0.028125 0.130556
15 0.202865 0.574537 0.030729 0.119444
15 0.215365 0.506481 0.028646 0.118519
15 0.139844 0.555093 0.026562 0.113889
15 0.116406 0.524074 0.025521 0.118519
15 0.129167 0.448611 0.027083 0.078704
16 0.749740 0.272222 0.011979 0.018519
