15 0.724219 0.585648 0.030729 0.117593
15 0.676042 0.578241 0.031250 0.117593
15 0.732292 0.333796 0.020833 0.084259
15 0.729688 0.244907 0.025000 0.075000
16 0.720052 0.275000 0.007812 0.012963
15 0.691406 0.336574 0.022396 0.089815
15 0.473698 0.474537 0.016146 0.102778
15 0.472656 0.575926 0.027604 0.111111
15 0.388021 0.592130 0.027083 0.125000
15 0.401302 0.577315 0.023438 0.119444
15 0.367969 0.525000 0.014063 0.112963
15 0.319792 0.568056 0.017708 0.123148
15 0.303385 0.552778 0.017188 0.111111
15 0.253646 0.614815 0.025000 0.112963
15 0.284896 0.488889 0.017708 0.109259
15 0.272396 0.440278 0.018750 0.097222
15 0.224740 0.508796 0.023438 0.115741
15 0.165104 0.565741 0.019792 0.120370
15 0.148177 0.557407 0.018229 0.114815
15 0.126562 0.524074 0.018750 0.116667
15 0.142708 0.472685 0.017708 0.117593
