15 0.993229 0.731944 0.013542 0.141667
15 0.734115 0.581481 0.039062 0.120370
15 0.645312 0.607407 0.032292 0.131481
15 0.777083 0.327315 0.027083 0.087963
15 0.714583 0.328241 0.028125 0.086111
15 0.482031 0.481944 0.032813 0.121296
15 0.708854 0.243981 0.020833 0.078704
15 0.423698 0.591204 0.036979 0.125000
15 0.380469 0.526852 0.034896 0.111111
15 0.347396 0.590741 0.020833 0.124074
15 0.324740 0.593056 0.025521 0.126852
15 0.260417 0.612500 0.037500 0.113889
15 0.193229 0.569907 0.022917 0.121296
15 0.222917 0.512500 0.026042 0.126852
15 0.129948 0.523148 0.030729 0.118519
15 0.292448 0.480556 0.021354 0.092593
15 0.280990 0.440741 0.014063 0.105556
15 0.291146 0.565278 0.022917 0.106481
15 0.311198 0.547222 0.019271 0.112963
15 0.147396 0.468056 0.015625 0.112037
16 0.689844 0.277778 0.009896 0.018519
