16 0.666406 0.278241 0.008854 0.013889
15 0.673177 0.246296 0.017188 0.074074
15 0.725000 0.303704 0.019792 0.077778
15 0.764323 0.301389 0.022396 0.073148
15 0.697917 0.568981 0.022917 0.113889
15 0.558073 0.647685 0.026562 0.115741
15 0.921615 0.679167 0.028646 0.130556
15 0.501563 0.470370 0.032292 0.125926
15 0.384375 0.538889 0.027083 0.111111
15 0.332292 0.603241 0.027083 0.115741
15 0.295573 0.439815 0.023438 0.107407
15 0.303646 0.480093 0.014583 0.100926
15 0.318229 0.552778 0.021875 0.118519
15 0.331771 0.605556 0.021875 0.124074
15 0.263021 0.612037 0.020833 0.124074
15 0.242969 0.610648 0.020313 0.113889
15 0.256250 0.549074 0.018750 0.068519
15 0.229687 0.572685 0.017708 0.123148
15 0.232292 0.490741 0.018750 0.075926
15 0.184115 0.568056 0.021354 0.119444
15 0.167708 0.556019 0.021875 0.112037
15 0.145052 0.528241 0.017188 0.119444
15 0.159635 0.468056 0.015104 0.112037
