15 0.746615 0.618981 0.031771 0.123148
15 0.672135 0.556944 0.039062 0.117593
15 0.440625 0.679630 0.037500 0.140741
15 0.410417 0.503241 0.027083 0.112037
15 0.309896 0.553241 0.034375 0.113889
15 0.310156 0.465741 0.019271 0.090741
15 0.330990 0.436574 0.038021 0.093519
15 0.159375 0.668056 0.023958 0.132407
15 0.143490 0.609259 0.024479 0.120370
15 0.158333 0.578241 0.019792 0.063889
15 0.629427 0.299537 0.023438 0.087963
15 0.264583 0.505093 0.021875 0.112037
15 0.245052 0.561111 0.028646 0.122222
15 0.214323 0.588889 0.025521 0.109259
15 0.205729 0.534259 0.027083 0.057407
15 0.200521 0.509259 0.019792 0.053704
15 0.173437 0.501852 0.019792 0.074074
15 0.165365 0.557870 0.030729 0.104630
15 0.160417 0.574537 0.025000 0.065741
15 0.143229 0.617130 0.019792 0.125000
15 0.164323 0.667130 0.026562 0.134259
15 0.190104 0.467593 0.015625 0.114815
16 0.686198 0.276389 0.008854 0.013889
16 0.671354 0.243981 0.011458 0.073148
16 0.678906 0.235648 0.009896 0.073148
