15 0.796094 0.631944 0.028646 0.126852
15 0.667969 0.552315 0.021354 0.117593
15 0.452604 0.709259 0.030208 0.142593
15 0.470313 0.464815 0.026042 0.107407
15 0.642708 0.301852 0.023958 0.087037
15 0.672135 0.241204 0.018229 0.073148
15 0.698438 0.238426 0.012500 0.073148
15 0.324219 0.436574 0.025521 0.106481
15 0.312760 0.460648 0.032813 0.067593
15 0.306250 0.543056 0.033333 0.110185
15 0.256510 0.512963 0.024479 0.112963
15 0.237240 0.558796 0.027604 0.117593
15 0.215365 0.582870 0.032813 0.108333
15 0.201302 0.561111 0.022396 0.116667
15 0.101042 0.676852 0.031250 0.114815
15 0.144010 0.619444 0.032813 0.135185
15 0.169531 0.550926 0.032813 0.120370
15 0.169010 0.498611 0.019271 0.060185
15 0.126042 0.544444 0.025000 0.101852
15 0.184375 0.468981 0.013542 0.117593
