15 0.777865 0.624537 0.025521 0.112037
15 0.470052 0.722685 0.040104 0.149074
15 0.648698 0.568056 0.034896 0.123148
15 0.515625 0.429630 0.033333 0.101852
15 0.332552 0.433333 0.027604 0.105556
15 0.314323 0.470833 0.028646 0.104630
15 0.277344 0.533333 0.025521 0.105556
15 0.242708 0.503241 0.019792 0.112037
15 0.221615 0.551389 0.036979 0.104630
15 0.208854 0.587500 0.028125 0.108333
15 0.037500 0.680093 0.050000 0.147222
15 0.142969 0.610648 0.024479 0.117593
15 0.123177 0.613889 0.022396 0.124074
15 0.115625 0.553704 0.032292 0.131481
15 0.140625 0.541667 0.013542 0.116667
15 0.152865 0.524537 0.010937 0.108333
15 0.185677 0.447685 0.019271 0.117593
15 0.186458 0.557870 0.023958 0.113889
15 0.650521 0.243056 0.018750 0.069444
15 0.677604 0.295833 0.031250 0.069444
15 0.728906 0.253704 0.017188 0.074074
16 0.740625 0.279630 0.007292 0.012963
