16 0.788802 0.306944 0.008854 0.026852
15 0.755990 0.622222 0.025521 0.122222
15 0.623958 0.556944 0.034375 0.115741
15 0.627083 0.240741 0.018750 0.070370
15 0.717187 0.255093 0.017708 0.076852
15 0.678385 0.292130 0.030729 0.071296
15 0.521615 0.412037 0.019271 0.098148
15 0.441406 0.706481 0.032813 0.135185
15 0.325260 0.442593 0.039062 0.105556
15 0.298177 0.466204 0.026562 0.110185
15 0.253125 0.534259 0.030208 0.107407
15 0.226823 0.499074 0.025521 0.129630
15 0.012500 0.669444 0.023958 0.142593
15 0.163281 0.447685 0.023438 0.108333
15 0.207813 0.539352 0.017708 0.106481
15 0.192708 0.577778 0.021875 0.103704
15 0.165104 0.548611 0.031250 0.108333
15 0.128906 0.597222 0.022396 0.125926
15 0.109375 0.610185 0.012500 0.124074
15 0.096354 0.537500 0.021875 0.100926
15 0.126302 0.516204 0.015104 0.050926
