15 0.762500 0.377778 0.041667 0.087037
15 0.540885 0.554630 0.042188 0.109259
15 0.279687 0.598611 0.041667 0.108333
15 0.370052 0.504167 0.033854 0.110185
15 0.522656 0.360185 0.026562 0.085185
15 0.491406 0.306019 0.021354 0.063889
15 0.559635 0.272222 0.024479 0.074074
15 0.433594 0.262037 0.021354 0.066667
15 0.267969 0.403704 0.026562 0.088889
15 0.163281 0.460185 0.027604 0.087037
15 0.130469 0.481019 0.027604 0.097222
15 0.112760 0.508796 0.028646 0.102778
15 0.081771 0.480556 0.029167 0.112963
15 0.063542 0.504630 0.032292 0.101852
15 0.039583 0.503241 0.019792 0.100926
15 0.022135 0.504630 0.023438 0.112963
16 0.690104 0.382407 0.014583 0.029630
