15 0.235417 0.372222 0.031250 0.114815
15 0.242448 0.496296 0.040104 0.125926
15 0.371615 0.381019 0.024479 0.110185
15 0.410417 0.334722 0.025000 0.106481
15 0.440885 0.268981 0.023438 0.087963
15 0.476823 0.366667 0.025521 0.107407
15 0.564844 0.453241 0.024479 0.108333
15 0.610156 0.535648 0.032813 0.126852
15 0.556250 0.676852 0.030208 0.142593
15 0.485417 0.719444 0.035417 0.150000
15 0.770833 0.786574 0.048958 0.149074
15 0.801042 0.275926 0.025000 0.096296
15 0.891146 0.411574 0.027083 0.119444
15 0.987500 0.442593 0.020833 0.129630
15 0.992969 0.532407 0.014063 0.138889
15 0.982031 0.793519 0.035937 0.151852
