15 0.166146 0.653704 0.033333 0.153704
15 0.025781 0.436574 0.030729 0.132407
15 0.019531 0.348611 0.035937 0.067593
15 0.187240 0.320370 0.031771 0.120370
15 0.407813 0.558796 0.033333 0.143519
15 0.575260 0.772685 0.033854 0.160185
15 0.875521 0.641667 0.031250 0.153704
15 0.705729 0.560648 0.051042 0.128704
15 0.740885 0.508796 0.047396 0.104630
15 0.885938 0.422222 0.032292 0.129630
15 0.567969 0.394907 0.025521 0.117593
15 0.670052 0.415741 0.039062 0.137037
15 0.442969 0.371296 0.040104 0.092593
15 0.420052 0.312500 0.040104 0.080556
15 0.451562 0.312963 0.025000 0.100000
