15 0.061719 0.850926 0.067187 0.153704
15 0.190625 0.509259 0.047917 0.131481
15 0.221615 0.354167 0.044271 0.113889
15 0.317448 0.336111 0.032813 0.122222
15 0.432292 0.519907 0.045833 0.119444
15 0.432031 0.414815 0.046354 0.107407
15 0.582292 0.373148 0.047917 0.083333
15 0.574740 0.297222 0.023438 0.068519
15 0.985417 0.633333 0.029167 0.138889
15 0.988021 0.478704 0.023958 0.131481
15 0.930729 0.391667 0.037500 0.120370
15 0.879167 0.369444 0.032292 0.111111
15 0.803125 0.443981 0.031250 0.119444
15 0.763802 0.337963 0.027604 0.085185
15 0.789062 0.300926 0.034375 0.103704
15 0.709115 0.297685 0.029687 0.108333
16 0.311719 0.372685 0.011979 0.019444
