15 0.466406 0.746296 0.036979 0.142593
15 0.777865 0.845833 0.047396 0.167593
15 0.991146 0.792593 0.017708 0.155556
15 0.926823 0.443981 0.031771 0.115741
15 0.866146 0.298611 0.018750 0.106481
15 0.627604 0.552315 0.037500 0.117593
15 0.556250 0.675000 0.063542 0.150000
15 0.572135 0.479630 0.034896 0.107407
15 0.289062 0.525926 0.027083 0.131481
15 0.215625 0.407407 0.032292 0.112963
15 0.470573 0.408796 0.032813 0.108333
15 0.373437 0.347222 0.023958 0.111111
15 0.285677 0.422222 0.026562 0.109259
15 0.438542 0.296759 0.027083 0.095370
16 0.441667 0.253241 0.006250 0.012037
