15 0.231771 0.405556 0.028125 0.116667
15 0.282292 0.520833 0.032292 0.134259
15 0.322396 0.415741 0.020833 0.103704
15 0.393490 0.350463 0.023438 0.110185
15 0.441667 0.294907 0.020833 0.078704
15 0.481510 0.402315 0.024479 0.106481
15 0.486458 0.745370 0.028125 0.133333
15 0.572135 0.684259 0.025521 0.137037
15 0.582292 0.483796 0.023958 0.113889
15 0.631771 0.556944 0.025000 0.123148
15 0.859115 0.300463 0.021354 0.102778
15 0.927865 0.451389 0.030729 0.119444
15 0.790104 0.841204 0.048958 0.154630
