16 0.552083 0.284722 0.016667 0.028704
15 0.644792 0.832407 0.042708 0.159259
15 0.884896 0.787963 0.047917 0.153704
15 0.940625 0.562963 0.026042 0.135185
15 0.923698 0.439352 0.029687 0.121296
15 0.820833 0.421759 0.026042 0.121296
15 0.530208 0.521759 0.028125 0.125000
15 0.313281 0.732407 0.043229 0.142593
15 0.439583 0.644907 0.034375 0.139815
15 0.462240 0.470370 0.036979 0.112963
15 0.214062 0.506481 0.031250 0.133333
15 0.087500 0.411111 0.030208 0.111111
15 0.130469 0.432407 0.023438 0.116667
15 0.257552 0.325000 0.025521 0.101852
15 0.385677 0.399537 0.030729 0.115741
15 0.763542 0.281019 0.023958 0.097222
15 0.332292 0.287037 0.027083 0.092593
