15 0.182812 0.408796 0.022917 0.115741
15 0.232031 0.432870 0.031771 0.117593
15 0.338542 0.337963 0.027083 0.111111
15 0.413021 0.292593 0.021875 0.096296
15 0.453385 0.409722 0.024479 0.106481
15 0.542448 0.480093 0.028646 0.112037
15 0.415104 0.741204 0.040625 0.137963
15 0.521615 0.659259 0.026562 0.133333
15 0.607292 0.539352 0.028125 0.125000
15 0.734375 0.838426 0.028125 0.160185
15 0.969010 0.798611 0.034896 0.154630
15 0.901042 0.440278 0.029167 0.115741
15 0.844010 0.296759 0.020313 0.104630
