15 0.020313 0.397222 0.023958 0.103704
15 0.061979 0.428704 0.029167 0.114815
15 0.169271 0.500926 0.027083 0.127778
15 0.249219 0.731481 0.039062 0.146296
15 0.202344 0.310648 0.020313 0.104630
15 0.280729 0.281481 0.019792 0.079630
15 0.410677 0.457870 0.023438 0.102778
15 0.488281 0.512500 0.032813 0.117593
15 0.584896 0.812963 0.031250 0.159259
15 0.834115 0.787963 0.034896 0.148148
15 0.892969 0.554630 0.029687 0.137037
15 0.874219 0.428704 0.028646 0.129630
15 0.771354 0.406944 0.030208 0.115741
15 0.716667 0.273148 0.023958 0.098148
16 0.567187 0.282407 0.012500 0.014815
