15 0.068490 0.524537 0.034896 0.143519
15 0.040104 0.784259 0.068750 0.155556
15 0.243490 0.444907 0.028646 0.130556
15 0.323698 0.468056 0.032813 0.117593
15 0.322656 0.609259 0.039062 0.125926
15 0.461979 0.838889 0.043750 0.161111
15 0.701302 0.898148 0.046354 0.168519
15 0.161198 0.310648 0.024479 0.091667
15 0.139323 0.292130 0.027604 0.102778
15 0.450000 0.507407 0.036458 0.124074
15 0.812500 0.577778 0.042708 0.137037
15 0.832552 0.438889 0.042188 0.127778
15 0.674740 0.346296 0.036979 0.101852
15 0.613542 0.277778 0.034375 0.096296
16 0.556771 0.311574 0.012500 0.021296
