15 0.134635 0.530093 0.033854 0.132407
15 0.298958 0.474537 0.042708 0.134259
15 0.392969 0.611111 0.038021 0.129630
15 0.406771 0.466204 0.031250 0.112037
15 0.521354 0.516667 0.037500 0.120370
15 0.476302 0.859722 0.048438 0.158333
15 0.717969 0.921759 0.052604 0.156481
15 0.839323 0.590741 0.043229 0.131481
15 0.915625 0.445833 0.023958 0.130556
15 0.678906 0.320833 0.034896 0.091667
15 0.641406 0.276389 0.038021 0.082407
16 0.598698 0.312500 0.010937 0.017593
15 0.216146 0.316204 0.019792 0.097222
15 0.241146 0.301389 0.023958 0.099074
